 1 5.37179E+01 6.37179E+01 2.00000E+01 2.00000E+01 2.00000E+01 4.00000E+02 6.04000E+02 1.12560E+01
 2 5.72393E+01 6.72393E+01 2.06000E+01 2.00000E+01 2.00000E+01 4.00000E+02 6.04000E+02 1.26591E+01
 3 6.07086E+01 7.07086E+01 1.98000E+01 2.01000E+01 2.00000E+01 4.00000E+02 6.09000E+02 1.46546E+01
 4 6.42728E+01 7.42728E+01 2.00000E+01 2.00000E+01 2.00000E+01 4.00000E+02 6.20000E+02 1.61391E+01
 5 6.68752E+01 7.68752E+01 2.00000E+01 2.00000E+01 2.00000E+01 4.00000E+02 5.90000E+02 1.77644E+01
 6 6.77935E+01 7.77935E+01 2.05000E+01 2.00000E+01 2.00000E+01 4.00000E+02 5.30000E+02 1.87075E+01
 7 6.66012E+01 7.66012E+01 2.00000E+01 2.00000E+01 2.00000E+01 4.00000E+02 4.50000E+02 1.93698E+01
 8 6.47092E+01 7.47092E+01 2.00000E+01 2.02000E+01 2.00000E+01 4.00000E+02 4.20000E+02 1.88261E+01
 9 6.39377E+01 7.39377E+01 2.07000E+01 2.00000E+01 2.00000E+01 4.00000E+02 4.60000E+02 1.76224E+01
 10 6.37225E+01 7.37225E+01 2.00000E+01 2.00000E+01 2.00000E+01 4.00000E+02 4.80000E+02 1.76116E+01
 11 6.27455E+01 7.27455E+01 2.05000E+01 2.00000E+01 2.00000E+01 4.00000E+02 4.50000E+02 1.72699E+01
 12 6.26092E+01 7.26092E+01 1.90000E+01 2.03000E+01 2.00000E+01 4.00000E+02 4.80000E+02 1.75551E+01
 13 6.04022E+01 7.04022E+01 1.95000E+01 2.00000E+01 2.00000E+01 4.00000E+02 4.00000E+02 1.72494E+01
 14 5.96007E+01 6.96007E+01 2.00000E+01 2.00000E+01 2.00000E+01 4.00000E+02 4.50000E+02 1.59994E+01
 15 5.62640E+01 6.62640E+01 2.10000E+01 2.00000E+01 2.00000E+01 4.00000E+02 3.50000E+02 1.51467E+01
